std::stringtileswide 16
tileshigh 16
tilewidth 32
tileheight 32

layer 0
9,9,9,9,9,9,9,13,17,17,17,17,17,12,9,9,
9,13,17,17,17,17,17,18,8,6,6,6,7,16,12,9,
9,21,8,6,6,6,6,6,0,0,0,0,0,7,16,12,
9,21,1,0,0,0,0,0,0,0,0,0,0,0,7,14,
13,18,1,0,0,0,0,0,0,0,0,0,0,0,4,14,
21,8,0,0,0,0,0,0,0,0,0,0,0,0,4,14,
21,3,0,0,0,0,0,0,0,0,0,0,0,0,5,14,
11,19,1,0,0,0,0,0,0,0,0,0,0,4,22,10,
9,21,3,0,0,0,0,0,0,0,0,0,0,4,14,9,
9,11,19,1,0,0,0,0,0,0,0,2,2,5,14,9,
9,9,21,1,0,0,0,0,0,0,5,22,20,20,10,9,
9,9,21,1,0,0,0,0,0,4,22,10,13,17,17,17,
9,9,21,1,0,0,0,0,0,4,14,13,18,8,6,6,
9,9,21,3,2,0,0,0,0,5,14,21,8,0,0,0,
9,9,11,20,19,3,2,2,5,22,10,21,1,0,0,0,
9,9,9,9,11,20,20,20,20,10,9,21,1,0,0,0,

layer 1
0,0,0,0,0,0,0,1,1,1,1,1,1,1,0,0
0,1,1,1,1,1,1,1,0,0,0,0,0,1,1,0
0,1,0,0,0,0,0,0,0,0,0,0,0,0,1,1
0,1,0,0,0,0,0,0,0,0,0,0,0,0,0,1
0,1,0,0,0,0,0,0,0,0,0,0,0,0,0,1
1,0,0,0,0,0,0,0,0,0,0,0,0,0,0,1
1,0,0,0,0,0,0,0,0,0,0,0,0,0,0,1
1,1,0,0,0,0,0,0,0,0,0,0,0,0,1,1
0,1,0,0,0,0,0,0,0,0,0,0,0,0,1,0
0,0,1,0,0,0,0,0,0,0,0,0,0,0,1,0
0,0,1,0,0,0,0,0,0,0,0,1,1,1,1,0
0,0,1,0,0,0,0,0,0,0,1,1,0,0,0,0
0,0,1,0,0,0,0,0,0,0,1,0,0,0,0,0
0,0,1,0,0,0,0,0,0,0,1,0,0,0,0,0
0,0,1,1,1,0,0,0,0,1,1,0,0,0,0,0
0,0,0,0,1,1,1,1,1,1,0,0,0,0,0,0

